col1 col2
  1.000000  0.001680
  0.999013  0.001864
  0.996057  0.002416
  0.991144  0.003328
  0.984292  0.004590
  0.975528  0.006190
  0.964888  0.008109
  0.952414  0.010329
  0.938153  0.012825
  0.922164  0.015575
  0.904508  0.018552
  0.885257  0.021730
  0.864484  0.025079
  0.842274  0.028572
  0.818712  0.032180
  0.793893  0.035874
  0.767913  0.039622
  0.740877  0.043396
  0.712890  0.047165
  0.684062  0.050896
  0.654508  0.054557
  0.624345  0.058114
  0.593691  0.061532
  0.562667  0.064775
  0.531395  0.067806
  0.500000  0.070587
  0.468605  0.073080
  0.437333  0.075248
  0.406309  0.077052
  0.375655  0.078458
  0.345492  0.079433
  0.315938  0.079947
  0.287110  0.079973
  0.259123  0.079493
  0.232087  0.078489
  0.206107  0.076952
  0.181288  0.074880
  0.157726  0.072276
  0.135516  0.069150
  0.114743  0.065517
  0.095492  0.061399
  0.077836  0.056820
  0.061847  0.051811
  0.047586  0.046404
  0.035112  0.040630
  0.024472  0.034524
  0.015708  0.028117
  0.008856  0.021438
  0.003943  0.014512
  0.000987  0.007361
  0.000000  0.000000
  0.000987 -0.007361
  0.003943 -0.014512
  0.008856 -0.021438
  0.015708 -0.028117
  0.024472 -0.034524
  0.035112 -0.040630
  0.047586 -0.046404
  0.061847 -0.051811
  0.077836 -0.056820
  0.095492 -0.061399
  0.114743 -0.065517
  0.135516 -0.069150
  0.157726 -0.072276
  0.181288 -0.074880
  0.206107 -0.076952
  0.232087 -0.078489
  0.259123 -0.079493
  0.287110 -0.079973
  0.315938 -0.079947
  0.345492 -0.079433
  0.375655 -0.078458
  0.406309 -0.077052
  0.437333 -0.075248
  0.468605 -0.073080
  0.500000 -0.070587
  0.531395 -0.067806
  0.562667 -0.064775
  0.593691 -0.061532
  0.624345 -0.058114
  0.654508 -0.054557
  0.684062 -0.050896
  0.712890 -0.047165
  0.740877 -0.043396
  0.767913 -0.039622
  0.793893 -0.035874
  0.818712 -0.032180
  0.842274 -0.028572
  0.864484 -0.025079
  0.885257 -0.021730
  0.904508 -0.018552
  0.922164 -0.015575
  0.938153 -0.012825
  0.952414 -0.010329
  0.964888 -0.008109
  0.975528 -0.006190
  0.984292 -0.004590
  0.991144 -0.003328
  0.996057 -0.002416
  0.999013 -0.001864
  1.000000 -0.001680
